1 0.44375 0.839844 0.431875 0.875 0.42875 0.96875 0.44625 0.957031
1 0.419375 0.628906 0.42125 0.804688 0.439375 0.8125 0.433125 0.628906
1 0.206875 0.609375 0.206875 0.699219 0.216875 0.699219 0.21375 0.605469
1 0.185 0.554688 0.19 0.667969 0.20125 0.667969 0.195 0.550781
1 0.22625 0.488281 0.21375 0.496094 0.22 0.617188 0.22875 0.605469
1 0.2925 0.445312 0.28375 0.457031 0.281875 0.574219 0.2925 0.574219
1 0.18 0.425781 0.176875 0.535156 0.18875 0.539062 0.18875 0.425781
1 0.195 0.40625 0.19375 0.519531 0.205 0.515625 0.205 0.40625
1 0.294375 0.359375 0.295 0.464844 0.30625 0.472656 0.305625 0.359375
1 0.11 0.289062 0.106875 0.46875 0.1225 0.464844 0.121875 0.300781
1 0.16875 0.242188 0.17 0.40625 0.18 0.394531 0.1825 0.246094
1 0.233125 0.167969 0.22125 0.167969 0.22 0.378906 0.231875 0.363281
1 0.440625 0.042969 0.441875 0.265625 0.44875 0.273438 0.45125 0.042969
3 0.2775 0.535156 0.26375 0.566406 0.261875 0.578125 0.25625 0.683594 0.26375 0.730469 0.279375 0.699219
3 0.02375 0.269531 0.001875 0.320312 0.000625 0.527344 0.010625 0.496094 0.011875 0.558594 0.020625 0.558594
